0.279373, -0.478024, -0.456582, 0.999992, 3600
2.84868, 0.43637, -22.8077, 0.999899, 300
-4.15902, -8.17213, -32.3809, 0.999962, 600
-5.85649, -2.69926, -39.8371, 0.999878, 1300
-5.92653, -3.69098, -42.3377, 0.999959, 500
-7.22138, -3.4675, -45.4793, 0.999986, 700
-17.9377, 7.37926, -61.1641, 0.999957, 400
-18.2201, -7.70854, -76.4002, 0.999932, 500
-14.084, -2.31585, -84.4895, 0.999953, 500
-17.4909, -5.23051, -85.4602, 0.999981, 400
-19.1403, -5.94103, -109.332, 0.999914, 500
-21.3316, -11.8842, -110.777, 0.999982, 400
-22.2879, -12.2788, -108.805, 0.999955, 800
-19.7822, -10.7991, -125.607, 0.999961, 800
-24.0972, -14.6949, -123.33, 0.999991, 400
-34.7008, 2.69221, -164.495, 0.999851, 400
-34.3235, 7.05255, -166.667, 0.999982, 700
-34.0698, 7.06658, -170.586, 0.999949, 500
-32.8214, 1.0119, -178.722, 0.999967, 500
-58.9157, 23.5615, -172.875, 0.999786, 700
-71.4678, 27.2162, -223.557, 0.999785, 500
-72.8058, 24.6757, -231.1, 0.999859, 400
-72.8233, 11.1316, -229.477, 0.999864, 400
-35.3476, 29.3748, -271.653, 0.999555, 400
-25.2808, 29.2514, -272.071, 0.999385, 400
-94.504, 98.4915, -366.075, 0.999399, 500
-6.6449, 45.4785, -484.062, 0.998584, 600
-154.165, 58.0697, -555.998, 0.998412, 500
-290.04, 130.051, -904.679, 0.996549, 400
-515.123, 233.568, -998.022, 0.996418, 400
-728.55, -55.1412, -948.784, 0.99794, 400
-639.182, 19.5851, -1326.41, 0.997235, 300
-1078.58, -50.9339, -1665.3, 0.993421, 400
-983.78, 228.692, -1748.55, 0.995403, 400
-1215.63, 288.768, -1396.02, 0.998973, 500
-1243.53, 404.362, -1427.64, 0.996904, 500
-1206.96, 502.187, -1544.15, 0.996324, 800
-1425.98, 480.539, -1773.04, 0.998907, 600
-1124.9, 549.673, -1952.61, 0.995582, 500
-1079.04, 584.408, -2085.64, 0.995844, 400
-1168.02, 579.944, -1808.67, 0.995104, 300
-1217.65, 624.667, -1548.17, 0.995691, 300
-1248.12, 555.328, -1399.55, 0.997545, 300
-1310.4, 482.031, -1424.85, 0.998134, 400
-1256.69, 605.59, -1415.53, 0.996315, 400
-1008.32, 786.517, -1363.29, 0.996894, 400
-768.871, 967.968, -1333.05, 0.99653, 1500
-619.788, 1075.74, -1315.92, 0.99709, 400
-577.328, 1051.63, -1353.83, 0.998306, 400
-582.935, 1021.96, -1406.63, 0.999169, 400
-550.447, 1024.02, -1421.4, 0.999231, 400
-398.852, 1021.28, -1397.57, 0.998224, 400
-321.065, 1030.36, -1413.82, 0.997791, 500
-363.54, 1040.2, -1401.77, 0.998139, 400
-450.003, 1015.86, -1297.64, 0.998476, 400
-453.54, 967.498, -1276.35, 0.999196, 300
-455.685, 942.48, -1271.07, 0.99909, 400
-459.82, 923.474, -1261.22, 0.999092, 400
-492.451, 893.175, -1325.48, 0.999429, 400
-553.155, 896.749, -1383.54, 0.998935, 1300
-549.222, 941.177, -1357.21, 0.99887, 600
-520.829, 957.377, -1335.02, 0.999206, 400
-499.563, 955.759, -1341.31, 0.999411, 500
-501.786, 983.713, -1305.76, 0.999183, 500
-495.646, 1002.22, -1285.68, 0.9991, 700
-466.279, 1034.13, -1258.93, 0.998555, 500
-424.248, 1057.45, -1251.26, 0.99828, 300
-455.729, 1055.2, -1260.78, 0.998891, 400
-478.519, 1060.36, -1209.04, 0.999164, 400
-481.137, 1074.4, -1171.19, 0.999357, 300
-483.406, 1079.79, -1153.82, 0.999271, 700
-466.434, 1071.56, -1122.82, 0.999519, 400
-464.7, 1041.2, -1123.68, 0.999519, 900
-482.762, 1005.24, -1123.19, 0.999261, 300
-477.49, 994.102, -1113.03, 0.999246, 500
-456.515, 989.787, -1086.46, 0.99943, 400
-449.742, 990.565, -1080.47, 0.999662, 400
-462.116, 1007.47, -1074.71, 0.999638, 300
-471.312, 999.105, -1072.31, 0.999616, 300
-474.554, 983.589, -1068.25, 0.999575, 400
-470.563, 980.602, -1069.43, 0.999782, 400
-467.689, 982.052, -1067.46, 0.999897, 400
-466.022, 980.931, -1066.08, 0.99988, 300
-463.039, 979.198, -1050.17, 0.999799, 300
-454.398, 978.271, -1044.87, 0.999874, 1000
-444.649, 975.023, -1042, 0.999836, 400
-445.163, 972.373, -1046.26, 0.999951, 400
-446.393, 973.45, -1038.43, 0.999883, 600
-443.041, 969.34, -1033.14, 0.999901, 500
-443.009, 965.601, -1022.52, 0.999868, 500
-442.925, 966.203, -1022.43, 0.999927, 400
-437.254, 966.183, -1024.74, 0.999896, 300
-432.094, 961.676, -1016.02, 0.999902, 400
-432.197, 962.736, -1014.97, 0.999981, 400
-431.961, 965.151, -1004.04, 0.999921, 300
-434.952, 968.905, -995.983, 0.999834, 400
-436.017, 977.014, -978.916, 0.999652, 700
-438.715, 984.33, -970.179, 0.999512, 600
-434.901, 977.18, -974.452, 0.999845, 700
-434.02, 971.975, -975.211, 0.999296, 700
-440.741, 953.234, -979.758, 0.999711, 400
-441.79, 952.993, -980.774, 0.999992, 400
-461.445, 919.136, -1021.06, 0.999579, 400
-485.096, 906.521, -1068.6, 0.999161, 400
-474.334, 921.662, -1056.64, 0.999538, 700
-462.776, 917.725, -1040.26, 0.999796, 300
-463.544, 917.597, -1016.74, 0.999775, 400
-461.348, 928.522, -986.443, 0.99952, 400
-461.423, 923.045, -988.23, 0.999858, 400
-460.3, 919.214, -996.26, 0.999931, 600
-456.786, 920.526, -997.587, 0.999986, 400
-443.369, 908.993, -960.851, 0.999747, 600
-418.066, 897.167, -933.62, 0.999426, 400
-404.785, 930.596, -932.619, 0.999165, 400
-406.508, 965.203, -939.444, 0.999029, 300
-420.988, 945.198, -941.892, 0.999651, 400
-411.369, 939.013, -944.119, 0.999969, 800
-409.126, 935.628, -949.164, 0.999852, 400
-409.541, 930.26, -958.185, 0.999802, 700
-425.227, 917.541, -974.867, 0.999727, 800
-434.985, 921.667, -980.346, 0.999721, 500
-428.607, 926.698, -965.854, 0.999785, 400
-425.179, 928.729, -960.17, 0.999871, 400
-427.9, 932.14, -957.145, 0.999849, 300
-431.909, 951.192, -935.428, 0.999601, 400
-419.389, 966.828, -937.303, 0.999485, 400
-420.954, 968.323, -960.471, 0.999638, 800
-427.183, 964.852, -963.388, 0.999711, 400
-437.191, 956.864, -951.776, 0.999752, 400
-439.776, 951.621, -944.046, 0.999833, 500
-444.313, 954.782, -926.711, 0.999879, 400
-445.667, 955.472, -924.536, 0.999985, 400
-463.148, 945.848, -919.2, 0.999891, 300
-491.583, 928.794, -913.231, 0.999669, 300
-509.466, 926.028, -922.817, 0.999481, 400
-495.296, 925.353, -924.025, 0.999816, 1200
-485.534, 931.364, -919.216, 0.99971, 400
-482.693, 932.981, -915.812, 0.999802, 400
-484.512, 932.388, -907.509, 0.999855, 400
-485.569, 934.477, -900.648, 0.999767, 500
-482.47, 942.707, -889.236, 0.999638, 400
-480.148, 940.17, -892.359, 0.999844, 600
-471.155, 930.412, -889.396, 0.999923, 400
-461.912, 927.489, -879.394, 0.999836, 300
-456.146, 931.125, -868.242, 0.999742, 500
-457.076, 935.897, -869.88, 0.999703, 500
-463.349, 935.153, -875.646, 0.999736, 300
-464.069, 930.463, -876.456, 0.999815, 500
-460.362, 928.065, -874.565, 0.999955, 500
-467.441, 928.626, -871.882, 0.999944, 300
-497.972, 924.926, -863.196, 0.999719, 600
-509.547, 925.397, -869.851, 0.999691, 700
-494.77, 927.884, -876.918, 0.999709, 500
-487.32, 924.139, -874.304, 0.999854, 800
-487.404, 924, -864.13, 0.999912, 400
-486.03, 928.556, -862.411, 0.999983, 300
-448.795, 937.518, -889.886, 0.999718, 600
-409.185, 955.099, -928.912, 0.99935, 300
-424.957, 953.68, -941.135, 0.999522, 300
-419.35, 940.095, -926.604, 0.999903, 400
-415.08, 937.051, -932.689, 0.999973, 400
-415.383, 926.616, -944.812, 0.999885, 300
-423.536, 905.623, -951.526, 0.999735, 400
-425.454, 902.706, -956.572, 0.999645, 300
-429.218, 920.836, -941.176, 0.999719, 600
-429.756, 925.917, -924.045, 0.999751, 500
-427.561, 917.85, -920.56, 0.99987, 300
-425.772, 914.626, -924.963, 0.999982, 600
-425.182, 913.447, -924.578, 0.999935, 600
-424.867, 913.214, -924.996, 0.999978, 300
-422.756, 913.522, -925.091, 0.999992, 300
-414.035, 908.561, -917.714, 0.999894, 300
-403.512, 904.858, -907.581, 0.999749, 400
-408.823, 910.258, -906.921, 0.999784, 300
-411.288, 914.152, -906.229, 0.999807, 400
-411.373, 918.221, -901.044, 0.999771, 500
-414.025, 918.659, -904.277, 0.999785, 400
-410.344, 915.14, -906.62, 0.999897, 300
-416.265, 915.078, -908.023, 0.999882, 1100
-429.631, 911.063, -913.815, 0.999786, 400
-427.663, 912.894, -915.905, 0.999897, 400
-426.543, 913.956, -911.181, 0.999927, 400
-427.185, 918.998, -907.893, 0.999869, 400
-426.035, 928.622, -913.644, 0.999817, 600
-428.49, 930.062, -912.48, 0.999812, 400
-424.939, 931.212, -913.791, 0.999906, 400
-416.464, 946.608, -910.463, 0.999795, 500
-418.843, 946.918, -912.366, 0.999727, 400
-422.971, 943.419, -912.351, 0.999839, 400
-420.393, 942.887, -913.676, 0.999984, 400
-420.96, 942.384, -914.118, 0.999989, 300
-429.219, 935.089, -912.075, 0.999898, 500
-443.339, 923.156, -925.547, 0.999689, 600
-451.803, 934.351, -928.252, 0.999694, 400
-444.238, 938.544, -927.707, 0.999749, 400
-437.407, 934.264, -929.013, 0.999804, 700
-436.699, 928.183, -929.242, 0.999949, 400
-433.911, 930.725, -930.661, 0.999966, 400
-422.609, 937.127, -928.584, 0.999846, 400
-423.287, 936.68, -928.4, 0.999886, 400
-428.343, 933.889, -923.882, 0.999908, 300
-427.45, 932.43, -924.34, 0.999983, 300
-426.706, 932.028, -925.474, 0.99999, 300
-423.025, 931.998, -924.425, 0.999967, 400
-412.284, 926.497, -921.614, 0.999853, 500
-411.12, 927.866, -921.016, 0.999788, 500
-416.335, 933.483, -917.849, 0.999842, 400
-417.59, 938.337, -912.353, 0.999811, 800
-416.259, 935.778, -913.893, 0.999875, 500
-415.171, 934.848, -915.78, 0.999946, 300
-431.53, 936.015, -904.51, 0.999833, 400
-438.972, 934.45, -907.919, 0.999809, 400
-437.321, 936.966, -914.981, 0.999803, 700
-431.829, 939.867, -912.561, 0.99984, 300
-433.039, 942.446, -904.772, 0.999917, 400
-433.079, 953.19, -901.831, 0.999814, 300
-437.337, 958.829, -895.794, 0.999771, 500
-437.025, 954.458, -896.345, 0.99991, 600
-433.141, 951.136, -898.046, 0.999976, 400
-428.997, 950.306, -892.959, 0.999955, 400
-419.753, 951.045, -886.447, 0.999851, 400
-422.844, 958.536, -884.681, 0.999832, 400
-427.506, 959.075, -885.849, 0.999826, 400
-430.813, 957.191, -886.418, 0.999894, 400
-430.682, 956.262, -888.833, 0.999963, 400
-444.886, 951.992, -890.052, 0.999871, 600
-471.772, 951.269, -883.74, 0.999703, 300
-468.045, 954.656, -890.546, 0.999758, 300
-457.953, 949.069, -898.076, 0.999862, 300
-456.776, 948.199, -900.283, 0.999931, 400
-451.471, 949.61, -908.077, 0.999922, 300
-444.096, 948.236, -923.064, 0.999801, 1600
-446.447, 947.419, -924.036, 0.999859, 800
-447.961, 946.577, -916.635, 0.999929, 700
-444.943, 944.164, -916.993, 0.999895, 500
-443.722, 942.815, -922.271, 0.999867, 400
-448.194, 940.93, -924.766, 0.999922, 400
-451.331, 937.88, -927.458, 0.999855, 300
-449.739, 940.681, -925.212, 0.999865, 300
-445.663, 938.311, -924.193, 0.999893, 300
-445.866, 934.882, -924.153, 0.999933, 300
-453.051, 937.575, -917.994, 0.999911, 500
-462.021, 948.992, -890.855, 0.999761, 900
-453.452, 956.24, -891.78, 0.999719, 500
-455.616, 957.849, -901.311, 0.99982, 700
-456.855, 950.629, -902.226, 0.999926, 600
-453.014, 946.041, -904.287, 0.999976, 400
-450.038, 945.143, -908.468, 0.999984, 400
-449.871, 945.128, -908.746, 0.999986, 500
-449.517, 945.045, -910.311, 0.999993, 400
-450.83, 945.432, -917.154, 0.999946, 500
-450.314, 944.792, -918.294, 0.999994, 300
-452.831, 941.764, -927.456, 0.999953, 400
-447.358, 941.273, -954.623, 0.999774, 700
-444.654, 937.99, -965.583, 0.999794, 2200
-444.099, 939.704, -960.816, 0.99995, 400
-445.861, 942.173, -956.846, 0.999964, 700
-445.521, 942.409, -955.668, 0.999931, 700
-440.005, 929.948, -952.872, 0.999919, 400
-398.647, 908.647, -959.125, 0.999614, 400
-401.673, 900.377, -968.457, 0.999717, 400
-409.743, 909.165, -966.888, 0.999859, 400
-405.191, 911.118, -966.311, 0.999985, 400
-405.211, 911.048, -965.95, 0.999999, 700
-410.97, 915.041, -967.815, 0.999946, 400
-418.88, 917.323, -970.214, 0.999891, 400
-418.941, 912.635, -970.546, 0.999894, 500
-415.876, 909.788, -971.153, 0.999886, 800
-414.213, 908.457, -972.046, 0.999882, 400
-411.693, 907.621, -973.393, 0.999935, 700
-405.199, 904.427, -980.436, 0.999948, 600
-380.224, 886.225, -1006.62, 0.999711, 500
-381.424, 872.814, -1016.28, 0.999684, 600
-392.584, 880.993, -1006.52, 0.99982, 400
-392.482, 884.987, -1003.21, 0.999904, 300
-389.175, 883.805, -1003.34, 0.999988, 400
-388.103, 880.154, -997.654, 0.999935, 400
-391.13, 876.915, -992.592, 0.999918, 700
-415.087, 882.404, -965.906, 0.999765, 500
-427.417, 890.744, -958.893, 0.999743, 400
-423.402, 882.612, -964.736, 0.999874, 600
-427.705, 871.575, -969.225, 0.999877, 400
-434.438, 868.878, -968.689, 0.999877, 600
-439.029, 863.839, -973.742, 0.999858, 600
-445.781, 864.984, -971.537, 0.999801, 800
-442.732, 866.682, -971.954, 0.999931, 400
-441.426, 865.924, -972.91, 0.999996, 400
-449.313, 868.078, -950.465, 0.999869, 300
-456.101, 870.124, -933.325, 0.999812, 300
-453.612, 871.993, -941.158, 0.999892, 500
-456.962, 873.416, -942.938, 0.999918, 400
-464.779, 881.137, -946.443, 0.999805, 400
-465.087, 874.239, -952.431, 0.999914, 400
